$ANSIBLE_VAULT;1.1;AES256
30313462663936366262323362343939643236353736646162303864393433616562376537633161
3830363337653138393463346631643263643030396164610a623730346163616434303664636232
33386537373264396238663563626431373839343835623935343763643135656661653637353931
6630333964323431350a626665623239363534306362376137633061366566613037656236323636
30363832303665633235663961613634636266303661363033616262363538313139383238646235
34613264616339626163333130366237323532373330343864303633353232656363396361616665
64653764626131373264646236393937346334633334306434343935633062633662303263396339
34633665393561313863643866653737333366353762646534393736356661666466373333333439
36373530656465383334643533623262366135356138373538303766643562396163653931383936
31313737306130323163666130333833653532626666383636623364333739306637313035636362
32356163333935626436623665343330383766313231393839366231616335666561646363363165
62313235663030623734323965303937613731366562376133646464613731623666316435363138
37323438363539393734623965613061666331656234653465336363653064356230
