$ANSIBLE_VAULT;1.1;AES256
30333663653633663162313731616238643936366461333031373038346636626339636131333166
6164653963633162313932366430633034316638326663320a623536376638666136343238376432
38626364316662643334336531323966353133323235643036333263366232356632343132643666
6431313533333765300a313936343861366263303536626262333036656164386565316462303564
38356334643662663835336263636166343632353432383935303162386264343635376236366438
61396533366239663462346366396265666638663338636435383338613962386632326666383235
64326165626132653165323539666137386530656363306665396635633032393833356562646363
30633336396332356239383132666137653231326237653739336662316330363430666263343438
33623236396132383039353366356635643066343232663733333961396330646663373464393161
37316436633138346564363639663735653437626132326333623263633162616430393163323163
31343334623937636265383064343836326136336639303938343331613363383064323739653032
39313835383039373830326664326534363630343063333939323463356338613666656663386466
37303164666662623030316464303261653661353761323365616132333664363430343430333561
63613437613164306263313338383536643734613831656534306335313834353664393532313838
34336264303764366538386462313934643962333436396132333761366530633763353463343638
65643835663430353163393234313830663037353831663865623433623964626362626265343966
32653564303033656265363530303635346632333531343730326632666637323031656336343637
65373530623932326535663739376236636430376533386161396562623366646665643965643065
34393230666634616133353239336632653130396433306566616230626439353336623164393332
38626533356262393233
