$ANSIBLE_VAULT;1.1;AES256
33383561643131613035333532656332613937396464323030666661343166633638383534353530
3539306238616666613337663030333066656566363337640a303630316136393138313730393434
63646462393234303437643033396333353838626431623864616438363833306139393264303236
6331313262373236310a643230333762336430313933613032633439613761666634633430376637
36396366393236373537613833376363383232366631613264303163363561663165323939613033
62323338316235646638633438323837363763616530353066643935383037343962306362636434
61303363636535343965353331623066323663323536626133356434663066623938386438313263
33636266316132313866363362643165326431353531613437666436306139396165663136643435
39386665376136663161356237346533373964383138656433366339636365303963336161336163
32326639623766343831346238366561343630306166303137353666333737656535383564343839
64396333613731326438343733373736306631393931666139336130313138643566666461633337
39626435393237306635376432653534393838363534343962616661383431633135623161316666
66636564616237323039363738313836633738383864303632326463366332636331
