$ANSIBLE_VAULT;1.1;AES256
61346361656336393936323335303334633862343864363837643038373738626239643663323035
3464373934326636623230313439323366356633373662330a306264646130316339626565623361
34343236633236353833333933306165373733633839656338373236383636353236333335373836
3563393738373835610a643666306535633439333630316462346435376639343734363733383431
36656138353461356536306663626337336363343034343466353565646364633832376538363065
30326136313639303737306461666462616439653936616361613137386139326337326437636466
37353839336439363931353337633566323664366264656134336532633539663161343265623364
36656339616262323364633136633464303934633736646630386431303138633661663833383530
62346632656134386165356437666666353735626634666164646236643964646662646634343036
38666330646433363263383236653134616630393039616330666630393365373337303231383866
33613039343733626361376562656137393166393337393961363762613934366537613163643862
32313064386463616532303032666634616466393032353161396464396437336561326664613231
36376230326236336439313261633264323336616563313037343564343439666232
