$ANSIBLE_VAULT;1.1;AES256
65316136373333313033353230623161363939353039353239343864643361306132323235336362
3537616530653766396431323537613562336339386565300a376461393961376461336166373836
64653036626230323534376362343833343538303132383039653163323731373733356237366536
3835666634653931610a623032343636613838306539643361303034346234653865616561386537
33626637643861343565323966373864343661326231373935663838656537643666613430366561
64346535636231383162376638363366363232393365643164663265623164383331613161303663
38363365636263373061633264336130383237363466326439333330326338383130356632373635
31323666363131313232303337343766356162303239393939643464313736323539346530653666
34643438623731666137376337313437373363333532656538643534393162643030623738383065
35353238313938626337356466373436346265386631323335623335646466393838316437656561
62613736306364386461636263613662366264396466343635326164366339613563623963373034
33343933636431363835633866383066313962356661343231353261633031303263353862346163
63316130663161623465653736346531623431613133626465666134393335623430626433643836
65636433313264353762343537653862373833383161613766636462333936343364383565663761
31333138323334333462343864373935653466383530333365333134663830383234396631653964
63333362366539333737623433326165643239373639633235646639346366373137636138383637
35653530356336646136643965333430623663663337353363336161653464383437623539333564
35356633316437306633636261643463356262666362356461313064343939626361363963633166
34333763646536646562383765303736326166313430303738303031333065656532646439393464
65326565663334623964616138633937316333633565346638303461633335323630333538636638
3932
